360.74404954085765 252.7282647449082
-16.54654980418161 21.193442807332985
-194.18537261534414 -246.91073128657584
-145.75226128819727 232.54826339313786
236.65226147985868 333.3657368898149
-130.2814124761457 288.3262281283322
-10.217641421937458 29.465758387674327
-76.70765307291401 198.71672657126715
-246.95833517755972 -285.3779863976612
-241.6562085196593 178.36118449673847
297.30200484697536 309.0170312695601
-116.321889861692 319.4393795474607
136.41079557121873 -115.09540947119064
41.96131366067999 21.508108884021283
-1.2797579430690007 -160.56731910419222
